[LAG_FITTING]
RIMPL_VADAV=1
Fit_Param_Cnt=4
Fit_Param_A0=2.250146
Fit_Param_A1=0.011392
Fit_Param_A2=0.072117
Fit_Param_A3=0.346249
Fit_Param_B0=0.154581
Fit_Param_B1=0.000023
Fit_Param_B2=0.000345
Fit_Param_B3=0.003546
NF_Param_Type=1
NF_Param_A=0.0
NF_Param_B=0.0
NF_Param_C=0.0
NF_Param_D=0.000030
NF_Param_E=0.696801
Lag_Weight=1.0
Lag_S_0=3.34
Lag_S_1=1.42
Lag_S_2=1.05
Lag_S_Weight=0.9
RIMPL_RUN=1
